[[71, 23]]

[[23, 31, 11, 46], [38, 56, 11, 67]]

[[125, 983, 153], [107, 1109, 114], [328, 6816, 72], [726, 2057, 1155], [54, 560, 69]]

[[14038, 6388, 1645], [8784, 288, 882]]

[[125, 983, 153], [107, 1109, 114], [328, 6816, 72], [726, 2057, 1155], [121, 1131, 135], [54, 560, 69]]

[[125, 983, 153, 145, 159], [107, 1109, 114, 123, 101], [328, 6816, 72, 364, 831], [726, 2057, 1155, 880, 1199], [121, 1131, 135, 137, 118], [54, 560, 69, 74, 51]]

[[155, 1013, 183, 175, 189], [137, 1139, 144, 153, 131], [358, 6846, 102, 394, 861], [756, 2087, 1185, 910, 1229], [157, 1167, 171, 173, 154], [102, 608, 117, 122, 99]]

